ENQUEUE(3612): 3612
ENQUEUE(11): 3612 11
ENQUEUE(2016): 3612 11 2016
ENQUEUE(9685): 3612 11 2016 9685
ENQUEUE(5282): 3612 11 2016 9685 5282
ENQUEUE(9725): 3612 11 2016 9685 5282 9725
ENQUEUE(5682): 3612 11 2016 9685 5282 9725 5682
ENQUEUE(2683): 3612 11 2016 9685 5282 9725 5682 2683
ENQUEUE(2317): 3612 11 2016 9685 5282 9725 5682 2683 2317
DEQUEUE: 11 2016 9685 5282 9725 5682 2683 2317
DEQUEUE: 2016 9685 5282 9725 5682 2683 2317
DEQUEUE: 9685 5282 9725 5682 2683 2317
DEQUEUE: 5282 9725 5682 2683 2317
DEQUEUE: 9725 5682 2683 2317
DEQUEUE: 5682 2683 2317
DEQUEUE: 2683 2317
DEQUEUE: 2317
ENQUEUE(4523): 2317 4523
ENQUEUE(7624): 2317 4523 7624
ENQUEUE(9049): 2317 4523 7624 9049
ENQUEUE(3142): 2317 4523 7624 9049 3142
ENQUEUE(6572): 2317 4523 7624 9049 3142 6572
DEQUEUE: 4523 7624 9049 3142 6572
DEQUEUE: 7624 9049 3142 6572
DEQUEUE: 9049 3142 6572
DEQUEUE: 3142 6572
DEQUEUE: 6572
DEQUEUE: 
DEQUEUE: Queue EMPTY
DEQUEUE: Queue EMPTY
ENQUEUE(2901): 2901
ENQUEUE(1864): 2901 1864
ENQUEUE(657): 2901 1864 657
DEQUEUE: 1864 657
DEQUEUE: 657
DEQUEUE: 
ENQUEUE(3334): 3334
ENQUEUE(561): 3334 561
ENQUEUE(4910): 3334 561 4910
ENQUEUE(3713): 3334 561 4910 3713
ENQUEUE(6399): 3334 561 4910 3713 6399
DEQUEUE: 561 4910 3713 6399
ENQUEUE(8163): 561 4910 3713 6399 8163
ENQUEUE(8455): 561 4910 3713 6399 8163 8455
ENQUEUE(6835): 561 4910 3713 6399 8163 8455 6835
DEQUEUE: 4910 3713 6399 8163 8455 6835
DEQUEUE: 3713 6399 8163 8455 6835
DEQUEUE: 6399 8163 8455 6835
ENQUEUE(2832): 6399 8163 8455 6835 2832
DEQUEUE: 8163 8455 6835 2832
DEQUEUE: 8455 6835 2832
DEQUEUE: 6835 2832
DEQUEUE: 2832
DEQUEUE: 
ENQUEUE(2348): 2348
ENQUEUE(2173): 2348 2173
DEQUEUE: 2173
DEQUEUE: 
ENQUEUE(850): 850
DEQUEUE: 
ENQUEUE(4552): 4552
ENQUEUE(7624): 4552 7624
DEQUEUE: 7624
ENQUEUE(920): 7624 920
DEQUEUE: 920
ENQUEUE(9376): 920 9376
DEQUEUE: 9376
DEQUEUE: 
DEQUEUE: Queue EMPTY
DEQUEUE: Queue EMPTY
ENQUEUE(493): 493
DEQUEUE: 
DEQUEUE: Queue EMPTY
ENQUEUE(9992): 9992
ENQUEUE(473): 9992 473
DEQUEUE: 473
DEQUEUE: 
DEQUEUE: Queue EMPTY
ENQUEUE(3008): 3008
ENQUEUE(8036): 3008 8036
ENQUEUE(9768): 3008 8036 9768
ENQUEUE(4763): 3008 8036 9768 4763
ENQUEUE(2186): 3008 8036 9768 4763 2186
ENQUEUE(126): 3008 8036 9768 4763 2186 126
DEQUEUE: 8036 9768 4763 2186 126
DEQUEUE: 9768 4763 2186 126
ENQUEUE(8835): 9768 4763 2186 126 8835
DEQUEUE: 4763 2186 126 8835
ENQUEUE(5728): 4763 2186 126 8835 5728
ENQUEUE(3994): 4763 2186 126 8835 5728 3994
DEQUEUE: 2186 126 8835 5728 3994
DEQUEUE: 126 8835 5728 3994
ENQUEUE(8623): 126 8835 5728 3994 8623
ENQUEUE(9374): 126 8835 5728 3994 8623 9374
ENQUEUE(543): 126 8835 5728 3994 8623 9374 543
DEQUEUE: 8835 5728 3994 8623 9374 543
DEQUEUE: 5728 3994 8623 9374 543
DEQUEUE: 3994 8623 9374 543
DEQUEUE: 8623 9374 543
ENQUEUE(4056): 8623 9374 543 4056
ENQUEUE(6034): 8623 9374 543 4056 6034
ENQUEUE(6427): 8623 9374 543 4056 6034 6427
ENQUEUE(805): 8623 9374 543 4056 6034 6427 805
DEQUEUE: 9374 543 4056 6034 6427 805
DEQUEUE: 543 4056 6034 6427 805
ENQUEUE(2379): 543 4056 6034 6427 805 2379
DEQUEUE: 4056 6034 6427 805 2379
DEQUEUE: 6034 6427 805 2379
ENQUEUE(6769): 6034 6427 805 2379 6769
DEQUEUE: 6427 805 2379 6769
ENQUEUE(764): 6427 805 2379 6769 764
ENQUEUE(2231): 6427 805 2379 6769 764 2231
ENQUEUE(5079): 6427 805 2379 6769 764 2231 5079
DEQUEUE: 805 2379 6769 764 2231 5079
ENQUEUE(527): 805 2379 6769 764 2231 5079 527
ENQUEUE(292): 805 2379 6769 764 2231 5079 527 292
ENQUEUE(8738): 805 2379 6769 764 2231 5079 527 292 8738
DEQUEUE: 2379 6769 764 2231 5079 527 292 8738
ENQUEUE(2794): 2379 6769 764 2231 5079 527 292 8738 2794
DEQUEUE: 6769 764 2231 5079 527 292 8738 2794
ENQUEUE(7764): 6769 764 2231 5079 527 292 8738 2794 7764
ENQUEUE(4119): 6769 764 2231 5079 527 292 8738 2794 7764 4119
DEQUEUE: 764 2231 5079 527 292 8738 2794 7764 4119
ENQUEUE(456): 764 2231 5079 527 292 8738 2794 7764 4119 456
DEQUEUE: 2231 5079 527 292 8738 2794 7764 4119 456
DEQUEUE: 5079 527 292 8738 2794 7764 4119 456
DEQUEUE: 527 292 8738 2794 7764 4119 456
ENQUEUE(8489): 527 292 8738 2794 7764 4119 456 8489
DEQUEUE: 292 8738 2794 7764 4119 456 8489
DEQUEUE: 8738 2794 7764 4119 456 8489
DEQUEUE: 2794 7764 4119 456 8489
DEQUEUE: 7764 4119 456 8489
DEQUEUE: 4119 456 8489
ENQUEUE(6509): 4119 456 8489 6509
ENQUEUE(1528): 4119 456 8489 6509 1528
DEQUEUE: 456 8489 6509 1528
DEQUEUE: 8489 6509 1528
ENQUEUE(4999): 8489 6509 1528 4999
ENQUEUE(5688): 8489 6509 1528 4999 5688
DEQUEUE: 6509 1528 4999 5688
ENQUEUE(4834): 6509 1528 4999 5688 4834
ENQUEUE(85): 6509 1528 4999 5688 4834 85
DEQUEUE: 1528 4999 5688 4834 85
DEQUEUE: 4999 5688 4834 85
ENQUEUE(7520): 4999 5688 4834 85 7520
DEQUEUE: 5688 4834 85 7520
ENQUEUE(9058): 5688 4834 85 7520 9058
ENQUEUE(4811): 5688 4834 85 7520 9058 4811
ENQUEUE(8335): 5688 4834 85 7520 9058 4811 8335
ENQUEUE(6918): 5688 4834 85 7520 9058 4811 8335 6918
ENQUEUE(2121): 5688 4834 85 7520 9058 4811 8335 6918 2121
DEQUEUE: 4834 85 7520 9058 4811 8335 6918 2121
ENQUEUE(8630): 4834 85 7520 9058 4811 8335 6918 2121 8630
ENQUEUE(2688): 4834 85 7520 9058 4811 8335 6918 2121 8630 2688
ENQUEUE(5937): 4834 85 7520 9058 4811 8335 6918 2121 8630 2688 5937
DEQUEUE: 85 7520 9058 4811 8335 6918 2121 8630 2688 5937
DEQUEUE: 7520 9058 4811 8335 6918 2121 8630 2688 5937
DEQUEUE: 9058 4811 8335 6918 2121 8630 2688 5937
DEQUEUE: 4811 8335 6918 2121 8630 2688 5937
ENQUEUE(3008): 4811 8335 6918 2121 8630 2688 5937 3008
ENQUEUE(6997): 4811 8335 6918 2121 8630 2688 5937 3008 6997
DEQUEUE: 8335 6918 2121 8630 2688 5937 3008 6997
DEQUEUE: 6918 2121 8630 2688 5937 3008 6997
ENQUEUE(1): 6918 2121 8630 2688 5937 3008 6997 1
DEQUEUE: 2121 8630 2688 5937 3008 6997 1
DEQUEUE: 8630 2688 5937 3008 6997 1
DEQUEUE: 2688 5937 3008 6997 1
DEQUEUE: 5937 3008 6997 1
DEQUEUE: 3008 6997 1
ENQUEUE(794): 3008 6997 1 794
ENQUEUE(6613): 3008 6997 1 794 6613
ENQUEUE(8818): 3008 6997 1 794 6613 8818
ENQUEUE(8309): 3008 6997 1 794 6613 8818 8309
ENQUEUE(3717): 3008 6997 1 794 6613 8818 8309 3717
DEQUEUE: 6997 1 794 6613 8818 8309 3717
DEQUEUE: 1 794 6613 8818 8309 3717
DEQUEUE: 794 6613 8818 8309 3717
DEQUEUE: 6613 8818 8309 3717
ENQUEUE(1744): 6613 8818 8309 3717 1744
ENQUEUE(6689): 6613 8818 8309 3717 1744 6689
DEQUEUE: 8818 8309 3717 1744 6689
ENQUEUE(9555): 8818 8309 3717 1744 6689 9555
ENQUEUE(5943): 8818 8309 3717 1744 6689 9555 5943
ENQUEUE(1628): 8818 8309 3717 1744 6689 9555 5943 1628
ENQUEUE(4358): 8818 8309 3717 1744 6689 9555 5943 1628 4358
DEQUEUE: 8309 3717 1744 6689 9555 5943 1628 4358
DEQUEUE: 3717 1744 6689 9555 5943 1628 4358
DEQUEUE: 1744 6689 9555 5943 1628 4358
ENQUEUE(8190): 1744 6689 9555 5943 1628 4358 8190
DEQUEUE: 6689 9555 5943 1628 4358 8190
ENQUEUE(1155): 6689 9555 5943 1628 4358 8190 1155
DEQUEUE: 9555 5943 1628 4358 8190 1155
ENQUEUE(6241): 9555 5943 1628 4358 8190 1155 6241
DEQUEUE: 5943 1628 4358 8190 1155 6241
ENQUEUE(9958): 5943 1628 4358 8190 1155 6241 9958
ENQUEUE(9365): 5943 1628 4358 8190 1155 6241 9958 9365
DEQUEUE: 1628 4358 8190 1155 6241 9958 9365
DEQUEUE: 4358 8190 1155 6241 9958 9365
DEQUEUE: 8190 1155 6241 9958 9365
ENQUEUE(9736): 8190 1155 6241 9958 9365 9736
DEQUEUE: 1155 6241 9958 9365 9736
DEQUEUE: 6241 9958 9365 9736
ENQUEUE(6972): 6241 9958 9365 9736 6972
DEQUEUE: 9958 9365 9736 6972
ENQUEUE(8345): 9958 9365 9736 6972 8345
DEQUEUE: 9365 9736 6972 8345
ENQUEUE(2703): 9365 9736 6972 8345 2703
ENQUEUE(488): 9365 9736 6972 8345 2703 488
ENQUEUE(3202): 9365 9736 6972 8345 2703 488 3202
ENQUEUE(4412): 9365 9736 6972 8345 2703 488 3202 4412
ENQUEUE(6185): 9365 9736 6972 8345 2703 488 3202 4412 6185
DEQUEUE: 9736 6972 8345 2703 488 3202 4412 6185
ENQUEUE(8778): 9736 6972 8345 2703 488 3202 4412 6185 8778
ENQUEUE(6410): 9736 6972 8345 2703 488 3202 4412 6185 8778 6410
DEQUEUE: 6972 8345 2703 488 3202 4412 6185 8778 6410
DEQUEUE: 8345 2703 488 3202 4412 6185 8778 6410
ENQUEUE(2102): 8345 2703 488 3202 4412 6185 8778 6410 2102
ENQUEUE(151): 8345 2703 488 3202 4412 6185 8778 6410 2102 151
ENQUEUE(1032): 8345 2703 488 3202 4412 6185 8778 6410 2102 151 1032
ENQUEUE(7261): 8345 2703 488 3202 4412 6185 8778 6410 2102 151 1032 7261
DEQUEUE: 2703 488 3202 4412 6185 8778 6410 2102 151 1032 7261
DEQUEUE: 488 3202 4412 6185 8778 6410 2102 151 1032 7261
ENQUEUE(5797): 488 3202 4412 6185 8778 6410 2102 151 1032 7261 5797
ENQUEUE(1099): 488 3202 4412 6185 8778 6410 2102 151 1032 7261 5797 1099
DEQUEUE: 3202 4412 6185 8778 6410 2102 151 1032 7261 5797 1099
DEQUEUE: 4412 6185 8778 6410 2102 151 1032 7261 5797 1099
DEQUEUE: 6185 8778 6410 2102 151 1032 7261 5797 1099
DEQUEUE: 8778 6410 2102 151 1032 7261 5797 1099
DEQUEUE: 6410 2102 151 1032 7261 5797 1099
DEQUEUE: 2102 151 1032 7261 5797 1099
DEQUEUE: 151 1032 7261 5797 1099
DEQUEUE: 1032 7261 5797 1099
DEQUEUE: 7261 5797 1099
ENQUEUE(8297): 7261 5797 1099 8297
DEQUEUE: 5797 1099 8297
DEQUEUE: 1099 8297
DEQUEUE: 8297
ENQUEUE(2194): 8297 2194
ENQUEUE(8670): 8297 2194 8670
ENQUEUE(701): 8297 2194 8670 701
DEQUEUE: 2194 8670 701
DEQUEUE: 8670 701
DEQUEUE: 701
ENQUEUE(1474): 701 1474
ENQUEUE(9987): 701 1474 9987
DEQUEUE: 1474 9987
DEQUEUE: 9987
DEQUEUE: 
ENQUEUE(7773): 7773
ENQUEUE(7934): 7773 7934
ENQUEUE(7619): 7773 7934 7619
DEQUEUE: 7934 7619
ENQUEUE(4837): 7934 7619 4837
DEQUEUE: 7619 4837
ENQUEUE(9486): 7619 4837 9486
ENQUEUE(7865): 7619 4837 9486 7865
DEQUEUE: 4837 9486 7865
ENQUEUE(6411): 4837 9486 7865 6411
ENQUEUE(4772): 4837 9486 7865 6411 4772
ENQUEUE(6649): 4837 9486 7865 6411 4772 6649
ENQUEUE(7625): 4837 9486 7865 6411 4772 6649 7625
ENQUEUE(5392): 4837 9486 7865 6411 4772 6649 7625 5392
DEQUEUE: 9486 7865 6411 4772 6649 7625 5392
DEQUEUE: 7865 6411 4772 6649 7625 5392
DEQUEUE: 6411 4772 6649 7625 5392
ENQUEUE(7588): 6411 4772 6649 7625 5392 7588
ENQUEUE(8937): 6411 4772 6649 7625 5392 7588 8937
DEQUEUE: 4772 6649 7625 5392 7588 8937
ENQUEUE(3223): 4772 6649 7625 5392 7588 8937 3223
ENQUEUE(9741): 4772 6649 7625 5392 7588 8937 3223 9741
ENQUEUE(6328): 4772 6649 7625 5392 7588 8937 3223 9741 6328
ENQUEUE(9901): 4772 6649 7625 5392 7588 8937 3223 9741 6328 9901
ENQUEUE(416): 4772 6649 7625 5392 7588 8937 3223 9741 6328 9901 416
ENQUEUE(4954): 4772 6649 7625 5392 7588 8937 3223 9741 6328 9901 416 4954
ENQUEUE(2860): 4772 6649 7625 5392 7588 8937 3223 9741 6328 9901 416 4954 2860
DEQUEUE: 6649 7625 5392 7588 8937 3223 9741 6328 9901 416 4954 2860
ENQUEUE(3985): 6649 7625 5392 7588 8937 3223 9741 6328 9901 416 4954 2860 3985
DEQUEUE: 7625 5392 7588 8937 3223 9741 6328 9901 416 4954 2860 3985
DEQUEUE: 5392 7588 8937 3223 9741 6328 9901 416 4954 2860 3985
DEQUEUE: 7588 8937 3223 9741 6328 9901 416 4954 2860 3985
ENQUEUE(7939): 7588 8937 3223 9741 6328 9901 416 4954 2860 3985 7939
DEQUEUE: 8937 3223 9741 6328 9901 416 4954 2860 3985 7939
ENQUEUE(4378): 8937 3223 9741 6328 9901 416 4954 2860 3985 7939 4378
ENQUEUE(378): 8937 3223 9741 6328 9901 416 4954 2860 3985 7939 4378 378
DEQUEUE: 3223 9741 6328 9901 416 4954 2860 3985 7939 4378 378
ENQUEUE(9315): 3223 9741 6328 9901 416 4954 2860 3985 7939 4378 378 9315
ENQUEUE(484): 3223 9741 6328 9901 416 4954 2860 3985 7939 4378 378 9315 484
ENQUEUE(6630): 3223 9741 6328 9901 416 4954 2860 3985 7939 4378 378 9315 484 6630
DEQUEUE: 9741 6328 9901 416 4954 2860 3985 7939 4378 378 9315 484 6630
DEQUEUE: 6328 9901 416 4954 2860 3985 7939 4378 378 9315 484 6630
ENQUEUE(7508): 6328 9901 416 4954 2860 3985 7939 4378 378 9315 484 6630 7508
ENQUEUE(47): 6328 9901 416 4954 2860 3985 7939 4378 378 9315 484 6630 7508 47
ENQUEUE(5078): 6328 9901 416 4954 2860 3985 7939 4378 378 9315 484 6630 7508 47 5078
DEQUEUE: 9901 416 4954 2860 3985 7939 4378 378 9315 484 6630 7508 47 5078
ENQUEUE(7939): 9901 416 4954 2860 3985 7939 4378 378 9315 484 6630 7508 47 5078 7939
ENQUEUE(7792): 9901 416 4954 2860 3985 7939 4378 378 9315 484 6630 7508 47 5078 7939 7792
ENQUEUE(200): 9901 416 4954 2860 3985 7939 4378 378 9315 484 6630 7508 47 5078 7939 7792 200
DEQUEUE: 416 4954 2860 3985 7939 4378 378 9315 484 6630 7508 47 5078 7939 7792 200
DEQUEUE: 4954 2860 3985 7939 4378 378 9315 484 6630 7508 47 5078 7939 7792 200
ENQUEUE(5289): 4954 2860 3985 7939 4378 378 9315 484 6630 7508 47 5078 7939 7792 200 5289
ENQUEUE(9512): 4954 2860 3985 7939 4378 378 9315 484 6630 7508 47 5078 7939 7792 200 5289 9512
DEQUEUE: 2860 3985 7939 4378 378 9315 484 6630 7508 47 5078 7939 7792 200 5289 9512
ENQUEUE(9891): 2860 3985 7939 4378 378 9315 484 6630 7508 47 5078 7939 7792 200 5289 9512 9891
ENQUEUE(2706): 2860 3985 7939 4378 378 9315 484 6630 7508 47 5078 7939 7792 200 5289 9512 9891 2706
ENQUEUE(4371): 2860 3985 7939 4378 378 9315 484 6630 7508 47 5078 7939 7792 200 5289 9512 9891 2706 4371
ENQUEUE(4449): 2860 3985 7939 4378 378 9315 484 6630 7508 47 5078 7939 7792 200 5289 9512 9891 2706 4371 4449
DEQUEUE: 3985 7939 4378 378 9315 484 6630 7508 47 5078 7939 7792 200 5289 9512 9891 2706 4371 4449
DEQUEUE: 7939 4378 378 9315 484 6630 7508 47 5078 7939 7792 200 5289 9512 9891 2706 4371 4449
ENQUEUE(6664): 7939 4378 378 9315 484 6630 7508 47 5078 7939 7792 200 5289 9512 9891 2706 4371 4449 6664
DEQUEUE: 4378 378 9315 484 6630 7508 47 5078 7939 7792 200 5289 9512 9891 2706 4371 4449 6664
ENQUEUE(3063): 4378 378 9315 484 6630 7508 47 5078 7939 7792 200 5289 9512 9891 2706 4371 4449 6664 3063
ENQUEUE(9915): 4378 378 9315 484 6630 7508 47 5078 7939 7792 200 5289 9512 9891 2706 4371 4449 6664 3063 9915
ENQUEUE(1844): 4378 378 9315 484 6630 7508 47 5078 7939 7792 200 5289 9512 9891 2706 4371 4449 6664 3063 9915 1844
ENQUEUE(3486): 4378 378 9315 484 6630 7508 47 5078 7939 7792 200 5289 9512 9891 2706 4371 4449 6664 3063 9915 1844 3486
DEQUEUE: 378 9315 484 6630 7508 47 5078 7939 7792 200 5289 9512 9891 2706 4371 4449 6664 3063 9915 1844 3486
ENQUEUE(3686): 378 9315 484 6630 7508 47 5078 7939 7792 200 5289 9512 9891 2706 4371 4449 6664 3063 9915 1844 3486 3686
ENQUEUE(4689): 378 9315 484 6630 7508 47 5078 7939 7792 200 5289 9512 9891 2706 4371 4449 6664 3063 9915 1844 3486 3686 4689
DEQUEUE: 9315 484 6630 7508 47 5078 7939 7792 200 5289 9512 9891 2706 4371 4449 6664 3063 9915 1844 3486 3686 4689
DEQUEUE: 484 6630 7508 47 5078 7939 7792 200 5289 9512 9891 2706 4371 4449 6664 3063 9915 1844 3486 3686 4689
DEQUEUE: 6630 7508 47 5078 7939 7792 200 5289 9512 9891 2706 4371 4449 6664 3063 9915 1844 3486 3686 4689
DEQUEUE: 7508 47 5078 7939 7792 200 5289 9512 9891 2706 4371 4449 6664 3063 9915 1844 3486 3686 4689
DEQUEUE: 47 5078 7939 7792 200 5289 9512 9891 2706 4371 4449 6664 3063 9915 1844 3486 3686 4689
DEQUEUE: 5078 7939 7792 200 5289 9512 9891 2706 4371 4449 6664 3063 9915 1844 3486 3686 4689
ENQUEUE(1689): 5078 7939 7792 200 5289 9512 9891 2706 4371 4449 6664 3063 9915 1844 3486 3686 4689 1689
DEQUEUE: 7939 7792 200 5289 9512 9891 2706 4371 4449 6664 3063 9915 1844 3486 3686 4689 1689
DEQUEUE: 7792 200 5289 9512 9891 2706 4371 4449 6664 3063 9915 1844 3486 3686 4689 1689
ENQUEUE(8219): 7792 200 5289 9512 9891 2706 4371 4449 6664 3063 9915 1844 3486 3686 4689 1689 8219
ENQUEUE(3414): 7792 200 5289 9512 9891 2706 4371 4449 6664 3063 9915 1844 3486 3686 4689 1689 8219 3414
ENQUEUE(3976): 7792 200 5289 9512 9891 2706 4371 4449 6664 3063 9915 1844 3486 3686 4689 1689 8219 3414 3976
ENQUEUE(4318): 7792 200 5289 9512 9891 2706 4371 4449 6664 3063 9915 1844 3486 3686 4689 1689 8219 3414 3976 4318
ENQUEUE(9493): 7792 200 5289 9512 9891 2706 4371 4449 6664 3063 9915 1844 3486 3686 4689 1689 8219 3414 3976 4318 9493
ENQUEUE(8727): 7792 200 5289 9512 9891 2706 4371 4449 6664 3063 9915 1844 3486 3686 4689 1689 8219 3414 3976 4318 9493 8727
DEQUEUE: 200 5289 9512 9891 2706 4371 4449 6664 3063 9915 1844 3486 3686 4689 1689 8219 3414 3976 4318 9493 8727
ENQUEUE(2933): 200 5289 9512 9891 2706 4371 4449 6664 3063 9915 1844 3486 3686 4689 1689 8219 3414 3976 4318 9493 8727 2933
DEQUEUE: 5289 9512 9891 2706 4371 4449 6664 3063 9915 1844 3486 3686 4689 1689 8219 3414 3976 4318 9493 8727 2933
DEQUEUE: 9512 9891 2706 4371 4449 6664 3063 9915 1844 3486 3686 4689 1689 8219 3414 3976 4318 9493 8727 2933
DEQUEUE: 9891 2706 4371 4449 6664 3063 9915 1844 3486 3686 4689 1689 8219 3414 3976 4318 9493 8727 2933
ENQUEUE(8802): 9891 2706 4371 4449 6664 3063 9915 1844 3486 3686 4689 1689 8219 3414 3976 4318 9493 8727 2933 8802
ENQUEUE(2779): 9891 2706 4371 4449 6664 3063 9915 1844 3486 3686 4689 1689 8219 3414 3976 4318 9493 8727 2933 8802 2779
DEQUEUE: 2706 4371 4449 6664 3063 9915 1844 3486 3686 4689 1689 8219 3414 3976 4318 9493 8727 2933 8802 2779
DEQUEUE: 4371 4449 6664 3063 9915 1844 3486 3686 4689 1689 8219 3414 3976 4318 9493 8727 2933 8802 2779
ENQUEUE(1132): 4371 4449 6664 3063 9915 1844 3486 3686 4689 1689 8219 3414 3976 4318 9493 8727 2933 8802 2779 1132
ENQUEUE(8737): 4371 4449 6664 3063 9915 1844 3486 3686 4689 1689 8219 3414 3976 4318 9493 8727 2933 8802 2779 1132 8737
ENQUEUE(3675): 4371 4449 6664 3063 9915 1844 3486 3686 4689 1689 8219 3414 3976 4318 9493 8727 2933 8802 2779 1132 8737 3675
ENQUEUE(5234): 4371 4449 6664 3063 9915 1844 3486 3686 4689 1689 8219 3414 3976 4318 9493 8727 2933 8802 2779 1132 8737 3675 5234
ENQUEUE(6504): 4371 4449 6664 3063 9915 1844 3486 3686 4689 1689 8219 3414 3976 4318 9493 8727 2933 8802 2779 1132 8737 3675 5234 6504
ENQUEUE(2585): 4371 4449 6664 3063 9915 1844 3486 3686 4689 1689 8219 3414 3976 4318 9493 8727 2933 8802 2779 1132 8737 3675 5234 6504 2585
ENQUEUE(5078): 4371 4449 6664 3063 9915 1844 3486 3686 4689 1689 8219 3414 3976 4318 9493 8727 2933 8802 2779 1132 8737 3675 5234 6504 2585 5078
DEQUEUE: 4449 6664 3063 9915 1844 3486 3686 4689 1689 8219 3414 3976 4318 9493 8727 2933 8802 2779 1132 8737 3675 5234 6504 2585 5078
ENQUEUE(923): 4449 6664 3063 9915 1844 3486 3686 4689 1689 8219 3414 3976 4318 9493 8727 2933 8802 2779 1132 8737 3675 5234 6504 2585 5078 923
DEQUEUE: 6664 3063 9915 1844 3486 3686 4689 1689 8219 3414 3976 4318 9493 8727 2933 8802 2779 1132 8737 3675 5234 6504 2585 5078 923
ENQUEUE(1184): 6664 3063 9915 1844 3486 3686 4689 1689 8219 3414 3976 4318 9493 8727 2933 8802 2779 1132 8737 3675 5234 6504 2585 5078 923 1184
DEQUEUE: 3063 9915 1844 3486 3686 4689 1689 8219 3414 3976 4318 9493 8727 2933 8802 2779 1132 8737 3675 5234 6504 2585 5078 923 1184
DEQUEUE: 9915 1844 3486 3686 4689 1689 8219 3414 3976 4318 9493 8727 2933 8802 2779 1132 8737 3675 5234 6504 2585 5078 923 1184
ENQUEUE(6767): 9915 1844 3486 3686 4689 1689 8219 3414 3976 4318 9493 8727 2933 8802 2779 1132 8737 3675 5234 6504 2585 5078 923 1184 6767
DEQUEUE: 1844 3486 3686 4689 1689 8219 3414 3976 4318 9493 8727 2933 8802 2779 1132 8737 3675 5234 6504 2585 5078 923 1184 6767
ENQUEUE(5569): 1844 3486 3686 4689 1689 8219 3414 3976 4318 9493 8727 2933 8802 2779 1132 8737 3675 5234 6504 2585 5078 923 1184 6767 5569
DEQUEUE: 3486 3686 4689 1689 8219 3414 3976 4318 9493 8727 2933 8802 2779 1132 8737 3675 5234 6504 2585 5078 923 1184 6767 5569
DEQUEUE: 3686 4689 1689 8219 3414 3976 4318 9493 8727 2933 8802 2779 1132 8737 3675 5234 6504 2585 5078 923 1184 6767 5569
ENQUEUE(909): 3686 4689 1689 8219 3414 3976 4318 9493 8727 2933 8802 2779 1132 8737 3675 5234 6504 2585 5078 923 1184 6767 5569 909
DEQUEUE: 4689 1689 8219 3414 3976 4318 9493 8727 2933 8802 2779 1132 8737 3675 5234 6504 2585 5078 923 1184 6767 5569 909
DEQUEUE: 1689 8219 3414 3976 4318 9493 8727 2933 8802 2779 1132 8737 3675 5234 6504 2585 5078 923 1184 6767 5569 909
DEQUEUE: 8219 3414 3976 4318 9493 8727 2933 8802 2779 1132 8737 3675 5234 6504 2585 5078 923 1184 6767 5569 909
ENQUEUE(6009): 8219 3414 3976 4318 9493 8727 2933 8802 2779 1132 8737 3675 5234 6504 2585 5078 923 1184 6767 5569 909 6009
DEQUEUE: 3414 3976 4318 9493 8727 2933 8802 2779 1132 8737 3675 5234 6504 2585 5078 923 1184 6767 5569 909 6009
ENQUEUE(1243): 3414 3976 4318 9493 8727 2933 8802 2779 1132 8737 3675 5234 6504 2585 5078 923 1184 6767 5569 909 6009 1243
DEQUEUE: 3976 4318 9493 8727 2933 8802 2779 1132 8737 3675 5234 6504 2585 5078 923 1184 6767 5569 909 6009 1243
ENQUEUE(9892): 3976 4318 9493 8727 2933 8802 2779 1132 8737 3675 5234 6504 2585 5078 923 1184 6767 5569 909 6009 1243 9892
ENQUEUE(2010): 3976 4318 9493 8727 2933 8802 2779 1132 8737 3675 5234 6504 2585 5078 923 1184 6767 5569 909 6009 1243 9892 2010
ENQUEUE(21): 3976 4318 9493 8727 2933 8802 2779 1132 8737 3675 5234 6504 2585 5078 923 1184 6767 5569 909 6009 1243 9892 2010 21
DEQUEUE: 4318 9493 8727 2933 8802 2779 1132 8737 3675 5234 6504 2585 5078 923 1184 6767 5569 909 6009 1243 9892 2010 21
ENQUEUE(4554): 4318 9493 8727 2933 8802 2779 1132 8737 3675 5234 6504 2585 5078 923 1184 6767 5569 909 6009 1243 9892 2010 21 4554
DEQUEUE: 9493 8727 2933 8802 2779 1132 8737 3675 5234 6504 2585 5078 923 1184 6767 5569 909 6009 1243 9892 2010 21 4554
ENQUEUE(2210): 9493 8727 2933 8802 2779 1132 8737 3675 5234 6504 2585 5078 923 1184 6767 5569 909 6009 1243 9892 2010 21 4554 2210
ENQUEUE(1066): 9493 8727 2933 8802 2779 1132 8737 3675 5234 6504 2585 5078 923 1184 6767 5569 909 6009 1243 9892 2010 21 4554 2210 1066
DEQUEUE: 8727 2933 8802 2779 1132 8737 3675 5234 6504 2585 5078 923 1184 6767 5569 909 6009 1243 9892 2010 21 4554 2210 1066
DEQUEUE: 2933 8802 2779 1132 8737 3675 5234 6504 2585 5078 923 1184 6767 5569 909 6009 1243 9892 2010 21 4554 2210 1066
ENQUEUE(7250): 2933 8802 2779 1132 8737 3675 5234 6504 2585 5078 923 1184 6767 5569 909 6009 1243 9892 2010 21 4554 2210 1066 7250
DEQUEUE: 8802 2779 1132 8737 3675 5234 6504 2585 5078 923 1184 6767 5569 909 6009 1243 9892 2010 21 4554 2210 1066 7250
DEQUEUE: 2779 1132 8737 3675 5234 6504 2585 5078 923 1184 6767 5569 909 6009 1243 9892 2010 21 4554 2210 1066 7250
ENQUEUE(2956): 2779 1132 8737 3675 5234 6504 2585 5078 923 1184 6767 5569 909 6009 1243 9892 2010 21 4554 2210 1066 7250 2956
DEQUEUE: 1132 8737 3675 5234 6504 2585 5078 923 1184 6767 5569 909 6009 1243 9892 2010 21 4554 2210 1066 7250 2956
DEQUEUE: 8737 3675 5234 6504 2585 5078 923 1184 6767 5569 909 6009 1243 9892 2010 21 4554 2210 1066 7250 2956
DEQUEUE: 3675 5234 6504 2585 5078 923 1184 6767 5569 909 6009 1243 9892 2010 21 4554 2210 1066 7250 2956
DEQUEUE: 5234 6504 2585 5078 923 1184 6767 5569 909 6009 1243 9892 2010 21 4554 2210 1066 7250 2956
ENQUEUE(1150): 5234 6504 2585 5078 923 1184 6767 5569 909 6009 1243 9892 2010 21 4554 2210 1066 7250 2956 1150
ENQUEUE(3392): 5234 6504 2585 5078 923 1184 6767 5569 909 6009 1243 9892 2010 21 4554 2210 1066 7250 2956 1150 3392
ENQUEUE(5658): 5234 6504 2585 5078 923 1184 6767 5569 909 6009 1243 9892 2010 21 4554 2210 1066 7250 2956 1150 3392 5658
ENQUEUE(8450): 5234 6504 2585 5078 923 1184 6767 5569 909 6009 1243 9892 2010 21 4554 2210 1066 7250 2956 1150 3392 5658 8450
DEQUEUE: 6504 2585 5078 923 1184 6767 5569 909 6009 1243 9892 2010 21 4554 2210 1066 7250 2956 1150 3392 5658 8450
ENQUEUE(8472): 6504 2585 5078 923 1184 6767 5569 909 6009 1243 9892 2010 21 4554 2210 1066 7250 2956 1150 3392 5658 8450 8472
ENQUEUE(5908): 6504 2585 5078 923 1184 6767 5569 909 6009 1243 9892 2010 21 4554 2210 1066 7250 2956 1150 3392 5658 8450 8472 5908
ENQUEUE(9111): 6504 2585 5078 923 1184 6767 5569 909 6009 1243 9892 2010 21 4554 2210 1066 7250 2956 1150 3392 5658 8450 8472 5908 9111
DEQUEUE: 2585 5078 923 1184 6767 5569 909 6009 1243 9892 2010 21 4554 2210 1066 7250 2956 1150 3392 5658 8450 8472 5908 9111
ENQUEUE(203): 2585 5078 923 1184 6767 5569 909 6009 1243 9892 2010 21 4554 2210 1066 7250 2956 1150 3392 5658 8450 8472 5908 9111 203
DEQUEUE: 5078 923 1184 6767 5569 909 6009 1243 9892 2010 21 4554 2210 1066 7250 2956 1150 3392 5658 8450 8472 5908 9111 203
DEQUEUE: 923 1184 6767 5569 909 6009 1243 9892 2010 21 4554 2210 1066 7250 2956 1150 3392 5658 8450 8472 5908 9111 203
DEQUEUE: 1184 6767 5569 909 6009 1243 9892 2010 21 4554 2210 1066 7250 2956 1150 3392 5658 8450 8472 5908 9111 203
ENQUEUE(4167): 1184 6767 5569 909 6009 1243 9892 2010 21 4554 2210 1066 7250 2956 1150 3392 5658 8450 8472 5908 9111 203 4167
ENQUEUE(8639): 1184 6767 5569 909 6009 1243 9892 2010 21 4554 2210 1066 7250 2956 1150 3392 5658 8450 8472 5908 9111 203 4167 8639
ENQUEUE(8076): 1184 6767 5569 909 6009 1243 9892 2010 21 4554 2210 1066 7250 2956 1150 3392 5658 8450 8472 5908 9111 203 4167 8639 8076
ENQUEUE(3259): 1184 6767 5569 909 6009 1243 9892 2010 21 4554 2210 1066 7250 2956 1150 3392 5658 8450 8472 5908 9111 203 4167 8639 8076 3259
DEQUEUE: 6767 5569 909 6009 1243 9892 2010 21 4554 2210 1066 7250 2956 1150 3392 5658 8450 8472 5908 9111 203 4167 8639 8076 3259
ENQUEUE(5408): 6767 5569 909 6009 1243 9892 2010 21 4554 2210 1066 7250 2956 1150 3392 5658 8450 8472 5908 9111 203 4167 8639 8076 3259 5408
ENQUEUE(2156): 6767 5569 909 6009 1243 9892 2010 21 4554 2210 1066 7250 2956 1150 3392 5658 8450 8472 5908 9111 203 4167 8639 8076 3259 5408 2156
ENQUEUE(2478): 6767 5569 909 6009 1243 9892 2010 21 4554 2210 1066 7250 2956 1150 3392 5658 8450 8472 5908 9111 203 4167 8639 8076 3259 5408 2156 2478
ENQUEUE(4788): 6767 5569 909 6009 1243 9892 2010 21 4554 2210 1066 7250 2956 1150 3392 5658 8450 8472 5908 9111 203 4167 8639 8076 3259 5408 2156 2478 4788
ENQUEUE(4539): 6767 5569 909 6009 1243 9892 2010 21 4554 2210 1066 7250 2956 1150 3392 5658 8450 8472 5908 9111 203 4167 8639 8076 3259 5408 2156 2478 4788 4539
ENQUEUE(5752): 6767 5569 909 6009 1243 9892 2010 21 4554 2210 1066 7250 2956 1150 3392 5658 8450 8472 5908 9111 203 4167 8639 8076 3259 5408 2156 2478 4788 4539 5752
DEQUEUE: 5569 909 6009 1243 9892 2010 21 4554 2210 1066 7250 2956 1150 3392 5658 8450 8472 5908 9111 203 4167 8639 8076 3259 5408 2156 2478 4788 4539 5752
DEQUEUE: 909 6009 1243 9892 2010 21 4554 2210 1066 7250 2956 1150 3392 5658 8450 8472 5908 9111 203 4167 8639 8076 3259 5408 2156 2478 4788 4539 5752
DEQUEUE: 6009 1243 9892 2010 21 4554 2210 1066 7250 2956 1150 3392 5658 8450 8472 5908 9111 203 4167 8639 8076 3259 5408 2156 2478 4788 4539 5752
ENQUEUE(50): 6009 1243 9892 2010 21 4554 2210 1066 7250 2956 1150 3392 5658 8450 8472 5908 9111 203 4167 8639 8076 3259 5408 2156 2478 4788 4539 5752 50
DEQUEUE: 1243 9892 2010 21 4554 2210 1066 7250 2956 1150 3392 5658 8450 8472 5908 9111 203 4167 8639 8076 3259 5408 2156 2478 4788 4539 5752 50
ENQUEUE(9511): 1243 9892 2010 21 4554 2210 1066 7250 2956 1150 3392 5658 8450 8472 5908 9111 203 4167 8639 8076 3259 5408 2156 2478 4788 4539 5752 50 9511
DEQUEUE: 9892 2010 21 4554 2210 1066 7250 2956 1150 3392 5658 8450 8472 5908 9111 203 4167 8639 8076 3259 5408 2156 2478 4788 4539 5752 50 9511
DEQUEUE: 2010 21 4554 2210 1066 7250 2956 1150 3392 5658 8450 8472 5908 9111 203 4167 8639 8076 3259 5408 2156 2478 4788 4539 5752 50 9511
DEQUEUE: 21 4554 2210 1066 7250 2956 1150 3392 5658 8450 8472 5908 9111 203 4167 8639 8076 3259 5408 2156 2478 4788 4539 5752 50 9511
ENQUEUE(75): 21 4554 2210 1066 7250 2956 1150 3392 5658 8450 8472 5908 9111 203 4167 8639 8076 3259 5408 2156 2478 4788 4539 5752 50 9511 75
DEQUEUE: 4554 2210 1066 7250 2956 1150 3392 5658 8450 8472 5908 9111 203 4167 8639 8076 3259 5408 2156 2478 4788 4539 5752 50 9511 75
ENQUEUE(8151): 4554 2210 1066 7250 2956 1150 3392 5658 8450 8472 5908 9111 203 4167 8639 8076 3259 5408 2156 2478 4788 4539 5752 50 9511 75 8151
DEQUEUE: 2210 1066 7250 2956 1150 3392 5658 8450 8472 5908 9111 203 4167 8639 8076 3259 5408 2156 2478 4788 4539 5752 50 9511 75 8151
ENQUEUE(7794): 2210 1066 7250 2956 1150 3392 5658 8450 8472 5908 9111 203 4167 8639 8076 3259 5408 2156 2478 4788 4539 5752 50 9511 75 8151 7794
DEQUEUE: 1066 7250 2956 1150 3392 5658 8450 8472 5908 9111 203 4167 8639 8076 3259 5408 2156 2478 4788 4539 5752 50 9511 75 8151 7794
ENQUEUE(4940): 1066 7250 2956 1150 3392 5658 8450 8472 5908 9111 203 4167 8639 8076 3259 5408 2156 2478 4788 4539 5752 50 9511 75 8151 7794 4940
DEQUEUE: 7250 2956 1150 3392 5658 8450 8472 5908 9111 203 4167 8639 8076 3259 5408 2156 2478 4788 4539 5752 50 9511 75 8151 7794 4940
ENQUEUE(3770): 7250 2956 1150 3392 5658 8450 8472 5908 9111 203 4167 8639 8076 3259 5408 2156 2478 4788 4539 5752 50 9511 75 8151 7794 4940 3770
ENQUEUE(2588): 7250 2956 1150 3392 5658 8450 8472 5908 9111 203 4167 8639 8076 3259 5408 2156 2478 4788 4539 5752 50 9511 75 8151 7794 4940 3770 2588
DEQUEUE: 2956 1150 3392 5658 8450 8472 5908 9111 203 4167 8639 8076 3259 5408 2156 2478 4788 4539 5752 50 9511 75 8151 7794 4940 3770 2588
DEQUEUE: 1150 3392 5658 8450 8472 5908 9111 203 4167 8639 8076 3259 5408 2156 2478 4788 4539 5752 50 9511 75 8151 7794 4940 3770 2588
ENQUEUE(6803): 1150 3392 5658 8450 8472 5908 9111 203 4167 8639 8076 3259 5408 2156 2478 4788 4539 5752 50 9511 75 8151 7794 4940 3770 2588 6803
DEQUEUE: 3392 5658 8450 8472 5908 9111 203 4167 8639 8076 3259 5408 2156 2478 4788 4539 5752 50 9511 75 8151 7794 4940 3770 2588 6803
DEQUEUE: 5658 8450 8472 5908 9111 203 4167 8639 8076 3259 5408 2156 2478 4788 4539 5752 50 9511 75 8151 7794 4940 3770 2588 6803
ENQUEUE(5811): 5658 8450 8472 5908 9111 203 4167 8639 8076 3259 5408 2156 2478 4788 4539 5752 50 9511 75 8151 7794 4940 3770 2588 6803 5811
DEQUEUE: 8450 8472 5908 9111 203 4167 8639 8076 3259 5408 2156 2478 4788 4539 5752 50 9511 75 8151 7794 4940 3770 2588 6803 5811
ENQUEUE(397): 8450 8472 5908 9111 203 4167 8639 8076 3259 5408 2156 2478 4788 4539 5752 50 9511 75 8151 7794 4940 3770 2588 6803 5811 397
DEQUEUE: 8472 5908 9111 203 4167 8639 8076 3259 5408 2156 2478 4788 4539 5752 50 9511 75 8151 7794 4940 3770 2588 6803 5811 397
DEQUEUE: 5908 9111 203 4167 8639 8076 3259 5408 2156 2478 4788 4539 5752 50 9511 75 8151 7794 4940 3770 2588 6803 5811 397
ENQUEUE(2772): 5908 9111 203 4167 8639 8076 3259 5408 2156 2478 4788 4539 5752 50 9511 75 8151 7794 4940 3770 2588 6803 5811 397 2772
DEQUEUE: 9111 203 4167 8639 8076 3259 5408 2156 2478 4788 4539 5752 50 9511 75 8151 7794 4940 3770 2588 6803 5811 397 2772
DEQUEUE: 203 4167 8639 8076 3259 5408 2156 2478 4788 4539 5752 50 9511 75 8151 7794 4940 3770 2588 6803 5811 397 2772
DEQUEUE: 4167 8639 8076 3259 5408 2156 2478 4788 4539 5752 50 9511 75 8151 7794 4940 3770 2588 6803 5811 397 2772
ENQUEUE(6282): 4167 8639 8076 3259 5408 2156 2478 4788 4539 5752 50 9511 75 8151 7794 4940 3770 2588 6803 5811 397 2772 6282
DEQUEUE: 8639 8076 3259 5408 2156 2478 4788 4539 5752 50 9511 75 8151 7794 4940 3770 2588 6803 5811 397 2772 6282
ENQUEUE(429): 8639 8076 3259 5408 2156 2478 4788 4539 5752 50 9511 75 8151 7794 4940 3770 2588 6803 5811 397 2772 6282 429
ENQUEUE(2204): 8639 8076 3259 5408 2156 2478 4788 4539 5752 50 9511 75 8151 7794 4940 3770 2588 6803 5811 397 2772 6282 429 2204
DEQUEUE: 8076 3259 5408 2156 2478 4788 4539 5752 50 9511 75 8151 7794 4940 3770 2588 6803 5811 397 2772 6282 429 2204
ENQUEUE(4): 8076 3259 5408 2156 2478 4788 4539 5752 50 9511 75 8151 7794 4940 3770 2588 6803 5811 397 2772 6282 429 2204 4
ENQUEUE(8026): 8076 3259 5408 2156 2478 4788 4539 5752 50 9511 75 8151 7794 4940 3770 2588 6803 5811 397 2772 6282 429 2204 4 8026
ENQUEUE(191): 8076 3259 5408 2156 2478 4788 4539 5752 50 9511 75 8151 7794 4940 3770 2588 6803 5811 397 2772 6282 429 2204 4 8026 191
DEQUEUE: 3259 5408 2156 2478 4788 4539 5752 50 9511 75 8151 7794 4940 3770 2588 6803 5811 397 2772 6282 429 2204 4 8026 191
ENQUEUE(3346): 3259 5408 2156 2478 4788 4539 5752 50 9511 75 8151 7794 4940 3770 2588 6803 5811 397 2772 6282 429 2204 4 8026 191 3346
ENQUEUE(6324): 3259 5408 2156 2478 4788 4539 5752 50 9511 75 8151 7794 4940 3770 2588 6803 5811 397 2772 6282 429 2204 4 8026 191 3346 6324
DEQUEUE: 5408 2156 2478 4788 4539 5752 50 9511 75 8151 7794 4940 3770 2588 6803 5811 397 2772 6282 429 2204 4 8026 191 3346 6324
ENQUEUE(1771): 5408 2156 2478 4788 4539 5752 50 9511 75 8151 7794 4940 3770 2588 6803 5811 397 2772 6282 429 2204 4 8026 191 3346 6324 1771
DEQUEUE: 2156 2478 4788 4539 5752 50 9511 75 8151 7794 4940 3770 2588 6803 5811 397 2772 6282 429 2204 4 8026 191 3346 6324 1771
DEQUEUE: 2478 4788 4539 5752 50 9511 75 8151 7794 4940 3770 2588 6803 5811 397 2772 6282 429 2204 4 8026 191 3346 6324 1771
ENQUEUE(2578): 2478 4788 4539 5752 50 9511 75 8151 7794 4940 3770 2588 6803 5811 397 2772 6282 429 2204 4 8026 191 3346 6324 1771 2578
ENQUEUE(5855): 2478 4788 4539 5752 50 9511 75 8151 7794 4940 3770 2588 6803 5811 397 2772 6282 429 2204 4 8026 191 3346 6324 1771 2578 5855
DEQUEUE: 4788 4539 5752 50 9511 75 8151 7794 4940 3770 2588 6803 5811 397 2772 6282 429 2204 4 8026 191 3346 6324 1771 2578 5855
DEQUEUE: 4539 5752 50 9511 75 8151 7794 4940 3770 2588 6803 5811 397 2772 6282 429 2204 4 8026 191 3346 6324 1771 2578 5855
ENQUEUE(4045): 4539 5752 50 9511 75 8151 7794 4940 3770 2588 6803 5811 397 2772 6282 429 2204 4 8026 191 3346 6324 1771 2578 5855 4045
ENQUEUE(629): 4539 5752 50 9511 75 8151 7794 4940 3770 2588 6803 5811 397 2772 6282 429 2204 4 8026 191 3346 6324 1771 2578 5855 4045 629
DEQUEUE: 5752 50 9511 75 8151 7794 4940 3770 2588 6803 5811 397 2772 6282 429 2204 4 8026 191 3346 6324 1771 2578 5855 4045 629
DEQUEUE: 50 9511 75 8151 7794 4940 3770 2588 6803 5811 397 2772 6282 429 2204 4 8026 191 3346 6324 1771 2578 5855 4045 629
ENQUEUE(2157): 50 9511 75 8151 7794 4940 3770 2588 6803 5811 397 2772 6282 429 2204 4 8026 191 3346 6324 1771 2578 5855 4045 629 2157
ENQUEUE(1530): 50 9511 75 8151 7794 4940 3770 2588 6803 5811 397 2772 6282 429 2204 4 8026 191 3346 6324 1771 2578 5855 4045 629 2157 1530
DEQUEUE: 9511 75 8151 7794 4940 3770 2588 6803 5811 397 2772 6282 429 2204 4 8026 191 3346 6324 1771 2578 5855 4045 629 2157 1530
ENQUEUE(9556): 9511 75 8151 7794 4940 3770 2588 6803 5811 397 2772 6282 429 2204 4 8026 191 3346 6324 1771 2578 5855 4045 629 2157 1530 9556
DEQUEUE: 75 8151 7794 4940 3770 2588 6803 5811 397 2772 6282 429 2204 4 8026 191 3346 6324 1771 2578 5855 4045 629 2157 1530 9556
DEQUEUE: 8151 7794 4940 3770 2588 6803 5811 397 2772 6282 429 2204 4 8026 191 3346 6324 1771 2578 5855 4045 629 2157 1530 9556
DEQUEUE: 7794 4940 3770 2588 6803 5811 397 2772 6282 429 2204 4 8026 191 3346 6324 1771 2578 5855 4045 629 2157 1530 9556
ENQUEUE(3584): 7794 4940 3770 2588 6803 5811 397 2772 6282 429 2204 4 8026 191 3346 6324 1771 2578 5855 4045 629 2157 1530 9556 3584
ENQUEUE(4708): 7794 4940 3770 2588 6803 5811 397 2772 6282 429 2204 4 8026 191 3346 6324 1771 2578 5855 4045 629 2157 1530 9556 3584 4708
DEQUEUE: 4940 3770 2588 6803 5811 397 2772 6282 429 2204 4 8026 191 3346 6324 1771 2578 5855 4045 629 2157 1530 9556 3584 4708
ENQUEUE(2831): 4940 3770 2588 6803 5811 397 2772 6282 429 2204 4 8026 191 3346 6324 1771 2578 5855 4045 629 2157 1530 9556 3584 4708 2831
ENQUEUE(9637): 4940 3770 2588 6803 5811 397 2772 6282 429 2204 4 8026 191 3346 6324 1771 2578 5855 4045 629 2157 1530 9556 3584 4708 2831 9637
ENQUEUE(4434): 4940 3770 2588 6803 5811 397 2772 6282 429 2204 4 8026 191 3346 6324 1771 2578 5855 4045 629 2157 1530 9556 3584 4708 2831 9637 4434
DEQUEUE: 3770 2588 6803 5811 397 2772 6282 429 2204 4 8026 191 3346 6324 1771 2578 5855 4045 629 2157 1530 9556 3584 4708 2831 9637 4434
DEQUEUE: 2588 6803 5811 397 2772 6282 429 2204 4 8026 191 3346 6324 1771 2578 5855 4045 629 2157 1530 9556 3584 4708 2831 9637 4434
DEQUEUE: 6803 5811 397 2772 6282 429 2204 4 8026 191 3346 6324 1771 2578 5855 4045 629 2157 1530 9556 3584 4708 2831 9637 4434
DEQUEUE: 5811 397 2772 6282 429 2204 4 8026 191 3346 6324 1771 2578 5855 4045 629 2157 1530 9556 3584 4708 2831 9637 4434
DEQUEUE: 397 2772 6282 429 2204 4 8026 191 3346 6324 1771 2578 5855 4045 629 2157 1530 9556 3584 4708 2831 9637 4434
DEQUEUE: 2772 6282 429 2204 4 8026 191 3346 6324 1771 2578 5855 4045 629 2157 1530 9556 3584 4708 2831 9637 4434
DEQUEUE: 6282 429 2204 4 8026 191 3346 6324 1771 2578 5855 4045 629 2157 1530 9556 3584 4708 2831 9637 4434
DEQUEUE: 429 2204 4 8026 191 3346 6324 1771 2578 5855 4045 629 2157 1530 9556 3584 4708 2831 9637 4434
ENQUEUE(6282): 429 2204 4 8026 191 3346 6324 1771 2578 5855 4045 629 2157 1530 9556 3584 4708 2831 9637 4434 6282
DEQUEUE: 2204 4 8026 191 3346 6324 1771 2578 5855 4045 629 2157 1530 9556 3584 4708 2831 9637 4434 6282
ENQUEUE(836): 2204 4 8026 191 3346 6324 1771 2578 5855 4045 629 2157 1530 9556 3584 4708 2831 9637 4434 6282 836
DEQUEUE: 4 8026 191 3346 6324 1771 2578 5855 4045 629 2157 1530 9556 3584 4708 2831 9637 4434 6282 836
DEQUEUE: 8026 191 3346 6324 1771 2578 5855 4045 629 2157 1530 9556 3584 4708 2831 9637 4434 6282 836
DEQUEUE: 191 3346 6324 1771 2578 5855 4045 629 2157 1530 9556 3584 4708 2831 9637 4434 6282 836
DEQUEUE: 3346 6324 1771 2578 5855 4045 629 2157 1530 9556 3584 4708 2831 9637 4434 6282 836
DEQUEUE: 6324 1771 2578 5855 4045 629 2157 1530 9556 3584 4708 2831 9637 4434 6282 836
ENQUEUE(946): 6324 1771 2578 5855 4045 629 2157 1530 9556 3584 4708 2831 9637 4434 6282 836 946
DEQUEUE: 1771 2578 5855 4045 629 2157 1530 9556 3584 4708 2831 9637 4434 6282 836 946
ENQUEUE(7466): 1771 2578 5855 4045 629 2157 1530 9556 3584 4708 2831 9637 4434 6282 836 946 7466
DEQUEUE: 2578 5855 4045 629 2157 1530 9556 3584 4708 2831 9637 4434 6282 836 946 7466
DEQUEUE: 5855 4045 629 2157 1530 9556 3584 4708 2831 9637 4434 6282 836 946 7466
ENQUEUE(1510): 5855 4045 629 2157 1530 9556 3584 4708 2831 9637 4434 6282 836 946 7466 1510
